4294967278,424
4294967279,301
4294967278,375
4294967278,349
4294967279,241
4294967279,343
4294967279,235
4294967278,230
4294967279,225
4294967279,219
4294967278,214
4294967278,213
4294967279,208
4294967278,201
232,6
232,5
232,4
232,3
232,2
232,1
4294967278,328
4294967278,185
4294967294,11
4294967278,184
4294967278,62
4294967278,61
4294967278,60
4294967278,59
4294967278,58
4294967278,57
4294967278,56
4294967278,54
4294967279,87
4294967279,78
4294967279,73
4294967279,319
2,2
4294967279,299
4294967278,364
4294967278,363
4294967279,155
4294967278,153
4294967279,151
4294967278,147
4294967278,146
4294967278,145
4294967279,135
4294967279,282
4294967278,287
4294967278,273
4294967278,351
4294967278,350
4294967279,532
4294967279,250
4294967279,249
4294967279,248
4294967279,239
231,6
4294967279,237
231,5
231,3
231,2
231,1
4294967278,131
4294967278,129
4294967278,128
4294967278,127
4294967278,126
4294967278,125
4294967278,124
4294967278,123
4294967278,122
4294967278,121
4294967278,120
4294967278,119
4294967278,117
4294967278,116
4294967278,115
4294967278,114
4294967278,113
4294967278,112
4294967278,111
4294967278,110
4294967278,108
4294967278,106
4294967278,104
4294967278,103
4294967278,102
4294967278,101
4294967278,100
4294967278,99
4294967278,98
4294967278,97
4294967278,96
4294967278,94
4294967278,93
4294967278,92
4294967278,91
4294967278,90
4294967278,89
4294967278,87
4294967278,86
4294967278,85
4294967278,84
4294967278,83
4294967278,82
4294967278,81
4294967278,79
4294967278,78
4294967278,77
4294967278,76
4294967278,75
4294967278,74
4294967278,73
4294967278,72
4294967278,71
4294967278,70
4294967278,69
4294967278,68
4294967278,67
4294967278,66
4294967278,65
4294967278,64
4294967278,63
4294967279,85
4294967279,77
4294967279,74
4294967279,72
4294967279,71
4294967279,70
4294967279,69
4294967279,68
4294967279,67
4294967279,66
4294967279,65
4294967279,64
4294967279,63
4294967279,62
4294967279,61
4294967279,60
4294967279,59
4294967279,58
4294967279,57
4294967279,56
4294967279,55
4294967279,54
4294967279,53
4294967279,51
4294967279,50
4294967279,49
4294967279,48
4294967279,47
4294967279,46
4294967279,45
4294967279,44
4294967279,43
4294967279,42
4294967279,41
4294967279,39
4294967279,37
4294967279,34
4294967279,31
4294967279,30
4294967279,29
4294967279,28
4294967279,26
4294967279,25
4294967279,22
4294967279,21
4294967279,20
4294967279,19
4294967279,18
4294967279,17
4294967279,16
4294967279,15
4294967279,12
4294967279,11
4294967279,10
4294967279,9
4294967279,8
4294967279,7
4294967279,6
4294967279,5
4294967279,4
4294967278,347
4294967294,415
4294967294,183
4294967294,412
4294967294,175
4294967278,389
4294967279,220
4294967279,287
230,6
230,5
230,4
4294967278,212
230,3
230,2
230,1
4294967278,283
4294967278,344
4294967278,339
4294967279,362
4294967278,400
4294967278,207
4294967294,170
4294967294,401
4294967294,960
4294967294,912
4294967294,902
4294967279,336
4294967294,436
4294967278,423
227,5
227,4
227,3
227,2
227,1
4294967278,309
4294967278,366
4294967279,569
4294967279,295
4294967294,394
4294967294,24
224,6
4294967294,1418
224,5
224,4
224,3
224,2
224,1
223,5
223,4
223,3
223,2
223,1
4294967279,35
4294967279,40
4294967279,310
4294967279,32
4294967279,33
221,5
4294967278,142
221,4
221,3
221,2
221,1
4294967278,314
4294967279,27
4294967279,23
4294967278,391
4294967279,24
4294967279,284
4294967279,271
4294967294,413
4294967294,403
4294967294,405
4294967294,169
4294967294,111
4294967294,191
4294967294,462
4294967294,89
4294967294,185
4294967294,917
4294967294,910
4294967294,900
4294967294,915
4294967294,162
4294967294,964
4294967279,361
4294967278,272
4294967279,278
4294967278,271
4294967279,14
4294967279,324
4294967279,13
4294967279,276
4294967278,282
4294967279,259
4294967278,306
4294967278,264
4294967279,360
4294967278,376
4294967279,311
4294967278,398
4294967279,359
4294967278,422
4294967278,421
4294967279,537
4294967279,342
4294967278,352
4294967279,327
4294967279,535
4294967278,420
4294967278,0
4294967278,254
4294967294,50
4294967278,249
4294967294,40
4294967294,38
4294967294,37
4294967279,244
4294967294,81
4294967278,243
4294967279,242
4294967278,241
4294967278,238
4294967279,236
4294967278,236
218,6
4294967278,234
218,5
4294967279,233
218,4
4294967278,232
218,3
218,2
218,1
4294967279,231
4294967279,223
4294967279,221
4294967278,218
4294967278,216
4294967279,215
4294967278,290
4294967279,213
4294967294,5
4294967278,211
4294967279,211
4294967294,36
4294967294,39
4294967278,210
4294967279,210
4294967278,209
4294967279,209
217,3
217,2
217,1
4294967279,334
4294967279,206
4294967278,132
4294967278,130
4294967278,118
4294967278,109
4294967278,107
4294967278,105
4294967278,80
4294967279,358
4294967278,195
4294967279,195
4294967278,194
4294967279,194
4294967278,193
4294967279,186
4294967279,185
4294967278,183
4294967278,166
4294967279,166
4294967279,165
4294967278,164
4294967279,164
4294967278,163
4294967279,163
4294967279,153
4294967279,146
4294967279,144
4294967278,291
216,6
216,5
216,4
4294967279,136
216,3
216,2
216,1
4294967278,136
4294967278,308
4294967279,357
4294967278,95
4294967279,526
4294967279,267
4294967278,275
4294967278,284
4294967278,286
4294967278,419
4294967279,356
215,6
215,5
215,4
215,2
215,1
4294967278,280
4294967278,311
4294967279,300
4294967278,263
4294967294,471
4294967294,1417
4294967278,252
4294967279,355
4294967279,538
4294967278,251
4294967279,240
4294967279,0
4294967278,418
4294967279,246
212,5
212,4
212,2
212,1
4294967279,234
4294967278,233
4294967294,903
4294967294,384
4294967294,457
4294967294,411
4294967294,164
4294967294,410
4294967294,112
4294967294,950
4294967294,419
4294967278,343
4294967279,559
4294967278,417
4294967279,527
209,6
4294967278,206
4294967279,525
209,5
4294967279,205
209,4
4294967279,204
209,3
209,2
209,1
4294967294,161
4294967294,918
4294967278,202
4294967294,921
4294967279,333
208,5
4294967294,41
4294967294,1416
208,4
4294967278,197
208,3
208,2
208,1
4294967278,416
4294967279,187
207,6
207,5
4294967278,188
207,4
4294967279,188
207,3
207,2
207,1
4294967279,550
4294967278,187
4294967278,186
